/* 8 kesleltetovonalas, nagy termet szimulalo FDN parameterei. */

#ifndef _FDNPARAMSBIGHALL_H_
#define _FDNPARAMSBIGHALL_H_

	/* kesleltetovonalak hossza (relativ primek!) */
	#define M1_1 1511
	#define M1_2 1613
	#define M1_3 1733
	#define M1_4 1867
	#define M1_5 1987
	#define M1_6 2087
	#define M1_7 2213
	#define M1_8 2477
	/* kesleltetok utani szurok parameterei: Hi(z)=gi*(1-pi)/(1-pi*z^-1) */
	const float pm G1[8]={0.9213020833, 0.9159895833, 0.9097395833, 0.9027604167, 0.8965104167, 0.8913020833, 0.8847395833, 0.8709895833};
	const float pm P1[8]={0.1214781931, 0.1278146669, 0.1350534946, 0.1428762747, 0.1496615575, 0.1551653254, 0.1619147935, 0.1754316918};
	/* visszacsatolo matrix (Hadamard) */
	const float pm A1[8][8]={
		{0.3535533906, 0.3535533906, 0.3535533906, 0.3535533906, 0.3535533906, 0.3535533906, 0.3535533906, 0.3535533906},
		{0.3535533906, -0.3535533906, 0.3535533906, -0.3535533906, 0.3535533906, -0.3535533906, 0.3535533906, -0.3535533906},
		{0.3535533906, 0.3535533906, -0.3535533906, -0.3535533906, 0.3535533906, 0.3535533906, -0.3535533906, -0.3535533906},
		{0.3535533906, -0.3535533906, -0.3535533906, 0.3535533906, 0.3535533906, -0.3535533906, -0.3535533906, 0.3535533906},
		{0.3535533906, 0.3535533906, 0.3535533906, 0.3535533906, -0.3535533906, -0.3535533906, -0.3535533906, -0.3535533906},
		{0.3535533906, -0.3535533906, 0.3535533906, -0.3535533906, -0.3535533906, 0.3535533906, -0.3535533906, 0.3535533906},
		{0.3535533906, 0.3535533906, -0.3535533906, -0.3535533906, -0.3535533906, -0.3535533906, 0.3535533906, 0.3535533906},
		{0.3535533906, -0.3535533906, -0.3535533906, 0.3535533906, -0.3535533906, 0.3535533906, 0.3535533906, -0.3535533906}
	};
	/* csillapitas a bemenettol a kesleltetovonalak elejeig */
	const float pm B1L[8]={0.5, 0.5, 0.5, 0.5, 0.5, 0.5, 0.5, 0.5};
	const float pm B1R[8]={0.5, 0.5, 0.5, 0.5, 0.5, 0.5, 0.5, 0.5};
	/* csillapitas a kesleltetovonalak vegetol a kimenetig */
	const float pm C1L[8]={-1.0, 1.0, -1.0, 1.0, -1.0, 1.0, -1.0, 1.0};
	const float pm C1R[8]={1.0, -1.0, -1.0, 1.0, 1.0, 1.0, -1.0, -1.0};
	/* a kimenetre kozvetlenul juto bemenet csillapodasa */
	#define D1L 1.0
	#define D1R 1.0
	/* a kozvetlen jelut kesleltetese */
	#define M1_L 97
	#define M1_R 127

#endif
